a21 311
421 111
330 410
521 211
530 410
121 211
a30 110
921 211
b30 110
211 821
821 211
110 b30
921 311
311 921
530 a10
a30 210
a30 010
021 111
611 421
611 521
211 421
110 730
3110
0100
2110
1100
1610
7511
2610
4401
a011
b511
9001
8401
b011
9011
2100
1110
6610
5700
7110
9401
a511
3700
4610
7700
a401
7300
2300
7610
9511
0110
9100
0511
6300
3300
1401
1511
5300
6511
7210
9210
6001
6011
5110
4110
9110
a610
5011
9700
8210
8311
a300
a601
b300
7401
9300
3600
0710
0711
4710
8110
b100
4511
2410
b210
7601
4711
3500
0410
1700
6700
2511
0610
1011
4210
3210
0300
5210
0210
a700
4300
9610
b110
5500
7100
4011
6210
2210
6201
a210
9201
8300
8610
9711
2411
1310
b500
3011
5511
6410
6411
2201
5311
9311
